0,449
0,448
38,52
38,51
38,50
38,49
38,48
38,47
38,46
38,45
38,44
38,43
38,42
38,41
38,40
38,39
38,38
38,37
38,36
17,2
17,1
17,3
15,2
15,1
15,3
16,2
16,1
16,3
13,2
14,2
4,74
4,35
4,81
4,19
4,23
4,29
7,5
38,35
39,3
39,2
0,9
39,1
39,0
25,1
25,3
0,447
0,446
33,2
0,445
0,386
33,4
33,1
33,3
26,4
26,1
26,3
3,2
3,1
3,3
10,248
10,234
10,232
10,164
10,34
10,222
10,288
10,1
10,210
10,2
10,3
11,28
11,12
11,24
11,10
11,4
11,14
11,8
11,1
11,22
11,2
11,3
9,7
9,4
9,1
9,6
9,2
9,3
8,7
8,15
8,4
8,12
8,8
8,1
8,6
8,2
8,3
12,2
12,1
12,3
37,3
20,2
37,2
